pos: 25.000000 0.000000 color: 200 160 80 input: k0
pos: 0.000000 0.000000 color: 112 227 226 input: k1
